11111111
11111111
11111111
11111111
11111111
11111111
11111111
100111001010101111011
11110101101010101011011101
01101101001101111001
0110100111101101
11111111
11111111
0000100110010101011101010110
100111010101010011000110010110
111000001011111
11110111111
11111111
11111111
011010101010011101101100
010000100011111100
111001000011011101101
10010011111001
11111111
11111111
111100111001
10110101101111
110001101011011001
01101110110101101
11111111
11111111
11111111
11111111
11111111
11111111
11111111
