00000000000000000000000000000000
00000000000000000000000000000000
00000000000000000000000000000000
10001000100010001000100010001000
10001000100010001000100010001000
10001000100010001000100010001000
11101101111000001111111111111111
11101110110111100000111111111111
11101110111011011110000011111111
00000000000000000000000000000000
00000000000000000000000000000000
00000000000000000000000000000000
10001000100010001000100010001000
10001000100010001000100010001000
10001000100010001000100010001000
11011100110111101110111011101110
11011101110011011110111011101110
11011101110111001101111011101110
00000000000000000000000000000000
00000000000000000000000000000000
00000000000000000000000000000000
10011001100110011001100110011001
10011001100110011001100110011001
10011001100110011001100110011001
11011100110111101101110111011101
11011101110011011110110111011101
11011101110111001101111011011101