00000000001001010000000000000000000000000001010100000000101101000000000001100000000000000000100100000000010100110000000000000000
00000000001101100000000000000000000000000000000100000000000000000000000010010010000000000110011100000000101110110000000000111000
00000000000110110000000000000000000000000000000000000000000000000000000000110100000000000000011000000000101011010000000010000011
00000000000000000000000000000000000000000000000000000000000000000000000000000000000000000000000100000000010110100000000001001101
00000000111011110000000000000000000000000000000000000000101000110000000001010010000000000001001100000000110111000000000000000000
00000000101011010000000000000000000000000000000000000000000000000000000010011001000000010000101000000000000000000000000000010011
00000000001011000000000000000000000000000000000000000000000000000000000001001110000000000110101000000000000000000000000001000011
00000000000000000000000000000000000000000000100100000000000000000000000000000000000000000000000000000000000010100000000000011010
00000000101001110000000000000000000000000000110000000000000000000000000000000000000000000000000000000000101111110000000000000000
00000000011111100000000000000000000000001100101000000000000000000000000001110001000000001011001100000000000000000000000000000000
00000000001100110000000000000000000000001100110100000000000000000000000000110000000000000110000100000000000000000000000000000000
00000000000000000000000000001000000000000110110000000000000000000000000000000000000000000000000000000000000000000000000000000000
00000000000111100000000000000000000000000000100100000000000000000000000001001010000000000000000000000000000011100000000000000000
00000000000000000000000000000000000000000101000000000000000000000000000010101000000000000000000000000000000000000000000000000000
00000000000000000000000000000000000000000110010000000000000000000000000001110011000000000000000000000000000000000000000000000000
00000000000000000000000000000000000000000100011100000000000000000000000000101001000000000000000000000000000000000000000000000000
